%YAML:1.0
---
model_type: KANNALA_BRANDT
camera_name: camera
image_width: 640
image_height: 544
projection_parameters:
   k2: -0.10006345248147991
   k3:  -0.0019597758035067043
   k4:  -0.002504364558405612
   k5: -6.999676678582795e-05
   mu: 373.64381416357105
   mv: 373.60969531040723
   u0: 328.5177613602167
   v0: 274.892312101823
