%YAML:1.0
---
model_type: KANNALA_BRANDT
camera_name: camera
image_width: 640
image_height: 544
projection_parameters:
   k2: -0.10564707170138853
   k3:  0.012070112397449179
   k4: -0.017613918616244815
   k5: 0.008426307462080515
   mu: 376.5587098083196
   mv: 376.5261814733157
   u0: 310.8222910128971
   v0: 272.20070000153976

