%YAML:1.0
---
model_type: KANNALA_BRANDT
camera_name: camera
image_width: 640
image_height: 544
projection_parameters:
   k2: -0.11007354480683454
   k3:  0.00429990005380174
   k4:  0.00045640858957409186
   k5: -0.0017989023267717898
   mu: 377.47216823974236
   mv: 377.3735327345615
   u0: 330.1335657671564
   v0: 282.51265243034806