%YAML:1.0
---
model_type: KANNALA_BRANDT
camera_name: camera
image_width: 640
image_height: 544
projection_parameters:
   k2: -0.11351460368451406
   k3:  0.027700300349535557
   k4:  -0.05182815943506382
   k5: 0.033348630966814674
   mu: 375.1646285252324
   mv: 375.1480109372861
   u0: 324.34734769582957
   v0: 280.8303605144285

