%YAML:1.0
---
model_type: KANNALA_BRANDT
camera_name: camera
image_width: 640
image_height: 544
projection_parameters:
   k2: -0.10334336068409888
   k3: -0.02319903764065534
   k4:  0.06512096776008944
   k5: -0.05228834053172261
   mu: 373.55240681232465
   mv: 373.50712037775844
   u0: 317.8583968545034
   v0: 271.73471622544884

