%YAML:1.0
---
model_type: KANNALA_BRANDT
camera_name: camera
image_width: 640
image_height: 400
projection_parameters:
   k2: -0.011494553620499224
   k3: 0.023982636197800423
   k4: -0.016329173711487028
   k5: 0.004297489376905538
   mu: 285.6352027109296  
   mv: 285.391827763297
   u0: 314.2296103457281
   v0: 193.42294029534057
