%YAML:1.0
---
model_type: KANNALA_BRANDT
camera_name: camera
image_width: 640
image_height: 400

projection_parameters:
   k2: -0.014183529801539883 
   k3: 0.03672454437369555
   k4: -0.03686068632012081
   k5: 0.013040554150743653
   mu: 286.9315752119936  
   mv: 286.7583505265362
   u0: 322.2003822014502
   v0: 199.32307104207385

