%YAML:1.0
---
model_type: PINHOLE
camera_name: camera
image_width: 640
image_height: 480
distortion_parameters:
   k1: 0.0919991
   k2: -0.195889
   p1: -0.000315661
   p2:  0.000152041
projection_parameters:
   fx: 500.177
   fy: 499.958
   cx: 319.417
   cy: 242.061