%YAML:1.0
---
model_type: KANNALA_BRANDT
camera_name: camera
image_width: 640
image_height: 400
projection_parameters:
   k2: -0.002479729093 
   k3: -0.001978947413
   k4: 0.008150695224
   k5: -0.003350134628
   mu: 285.554027409381  
   mv: 285.359169799029
   u0: 319.581480880634
   v0: 198.106160971838
